ID,Title,Author,Year,Count,Modified
4078,ыва,ывп,ывп,ывп,ывп
